Floor   PPl     Slot            ConfRoom
7       8       09:00-09:15,    7.11
7       8       14:30-15:00,    7.11
8       6       10:00-11:00,    8.23
8       6       14:00-15:00,    8.23
8       7       11:30-12:30,    8.43
8       7       17:00-17:30,    8.43
9       9       09:30-10:30,    9.511
9       9       12:00-12:15,    9.511
9       9       15:15-16:15,    9.511
9       4       09:00-11:00,    9.527
9       4       14:00-16:00,    9.527
9       8       10:30-11:30,    9.547
9       8       13:30-15:30,    9.547
9       8       16:30-17:30,    9.547
